   7.9385996e-02   1.8157215e+01
   1.0160842e-01   1.8660061e+01
   7.3674724e-02   1.8510092e+01
   1.0542262e-01   1.8632334e+01
   3.2845460e-02   1.6247744e+01
   3.3190623e-02   1.6206364e+01
   7.4962005e-02   1.8237410e+01
   7.4934438e-02   1.8410528e+01
   3.8014829e-02   1.6480770e+01
   8.0156669e-02   1.8732014e+01
   1.0234841e-01   1.9311741e+01
   1.0965877e-01   1.9077307e+01
   9.3627229e-02   1.8535526e+01
   2.1408115e-02   1.5791084e+01
   3.8398959e-02   1.6893274e+01
   4.2817883e-02   1.6899471e+01
   5.4168075e-02   1.8016479e+01
   8.0452450e-02   1.8708990e+01
   3.1287856e-02   1.6419294e+01
   7.4827708e-02   1.8270250e+01
   5.5248603e-02   1.7908077e+01
   9.2109807e-02   1.9291376e+01
   8.1391394e-02   1.7750969e+01
   2.9576410e-02   1.6516306e+01
   3.0715497e-02   1.6497473e+01
   5.1041134e-02   1.7559845e+01
   1.0438220e-01   1.9874760e+01
   6.3071042e-02   1.7059277e+01
   8.2194291e-02   1.8874231e+01
   9.6677668e-02   1.9009701e+01
   9.8487616e-02   1.8577923e+01
   9.1054827e-02   1.8028353e+01
   4.6193458e-02   1.7427870e+01
   6.0392350e-02   1.8323784e+01
   8.8394575e-02   1.9367201e+01
   1.0727342e-01   1.8971012e+01
   3.9515764e-02   1.6449900e+01
   9.1435686e-02   1.8793827e+01
   5.3874366e-02   1.7641193e+01
   1.3822448e-02   1.3370144e+01
   1.0334488e-01   1.9216923e+01
   9.5008001e-02   1.9115768e+01
   6.8414427e-02   1.7826469e+01
   8.2595274e-02   1.8981794e+01
   8.7613992e-02   1.8729326e+01
   1.3432301e-02   1.3680542e+01
   6.1025873e-02   1.8175121e+01
   1.3993985e-02   1.4636171e+01
   7.1071714e-02   1.8856075e+01
   7.8083090e-02   1.7752165e+01
   7.2646245e-02   1.8821699e+01
   7.5371794e-02   1.8009939e+01
   5.5229791e-02   1.7828726e+01
   7.5434104e-02   1.8635576e+01
   8.7081455e-02   1.8409174e+01
   1.0156666e-01   1.8733620e+01
   1.0184797e-01   1.9436867e+01
   1.3761169e-02   1.4684002e+01
   1.0354876e-01   1.9552629e+01
   3.8734671e-01   2.2085125e+01
   1.1489145e+00   2.5224133e+01
   6.8609774e-01   2.3607080e+01
   1.3036413e+00   2.5258579e+01
   3.5519704e-01   2.1399303e+01
   5.7005191e-01   2.2717991e+01
   5.5293405e-01   2.3571150e+01
   5.3300411e-01   2.2858383e+01
   4.6622321e-01   2.2883480e+01
   3.4792608e-01   2.1984774e+01
   4.4996032e-01   2.2339621e+01
   5.1665539e-01   2.2875137e+01
   7.8909779e-01   2.4524101e+01
   7.8341961e-01   2.3622816e+01
   4.7941831e-01   2.2793005e+01
   2.3835081e-01   2.1428041e+01
   7.2237974e-01   2.4077091e+01
   8.2277185e-01   2.3959101e+01
   3.0798128e-01   2.1488340e+01
   7.9862440e-01   2.4164848e+01
   3.6189339e-01   2.2323410e+01
   7.0231563e-01   2.3899002e+01
   8.9456606e-01   2.3522335e+01
   1.1644068e+00   2.4426775e+01
   6.3357162e-01   2.3368366e+01
   3.4707496e-01   2.1184786e+01
   4.7526118e-01   2.2735643e+01
   4.4923279e-01   2.2509932e+01
   6.8568051e-01   2.3379545e+01
   5.0155866e-01   2.3265266e+01
   6.9353628e-01   2.4338999e+01
   8.0246431e-01   2.3984838e+01
   5.9407008e-01   2.4126226e+01
   6.8064332e-01   2.3330736e+01
   8.0151677e-01   2.4010443e+01
   6.7996973e-01   2.3276339e+01
   4.4322184e-01   2.2124670e+01
   8.9001590e-01   2.4547245e+01
   2.4267772e-01   2.1523289e+01
   1.0455285e+00   2.4306337e+01
   4.9426338e-01   2.3069460e+01
   6.1918777e-01   2.3185062e+01
   2.3359880e-01   2.1122524e+01
   5.8337700e-01   2.3269854e+01
   8.7990516e-01   2.4090221e+01
   4.8092780e-01   2.3114565e+01
   6.2818795e-01   2.3373755e+01
   7.9968667e-01   2.4013031e+01
   7.1399474e-01   2.3212559e+01
   7.2151500e-01   2.3606310e+01
   2.4687430e-01   2.0731031e+01
   4.3950781e-01   2.2641273e+01
   4.4519523e-01   2.2509436e+01
   5.3676325e-01   2.3066191e+01
   6.5447307e-01   2.3394424e+01
   5.1982605e-01   2.3381386e+01
   6.4812702e-01   2.3378410e+01
   3.2310873e-01   2.1659569e+01
   3.7470049e-01   2.2814514e+01
   8.8605601e-01   2.4785196e+01
   8.9099097e-01   2.4585331e+01
   6.3232875e-01   2.3370287e+01
   5.3219408e-01   2.3398588e+01
   5.6873477e-01   2.3935461e+01
   2.9921284e-01   2.1708765e+01
   7.3407966e-01   2.3960939e+01
   7.9447019e-01   2.3743803e+01
   5.4865688e-01   2.2518423e+01
   4.5776007e-01   2.3080778e+01
   3.7845621e-01   2.2088558e+01
   2.1286681e-01   2.0763210e+01
   1.3811251e+00   2.5764366e+01
   3.6074919e-01   2.2167542e+01
   6.1576879e-01   2.3355263e+01
   6.6469789e-01   2.2898323e+01
   6.6145146e-01   2.4059355e+01
   7.6753330e-01   2.4084450e+01
   8.0525231e-01   2.4596167e+01
   7.0181954e-01   2.4208191e+01
   4.2660496e-01   2.2061844e+01
   4.3025765e-01   2.2223022e+01
   8.2868433e-01   2.4114164e+01
   4.2639610e-01   2.2661274e+01
   7.7805829e-01   2.3834784e+01
   5.3259736e-01   2.3031403e+01
   4.6847060e-01   2.2516577e+01
   3.9450648e-01   2.2339443e+01
   5.0586033e-01   2.3693207e+01
   5.5415231e-01   2.3176836e+01
   5.8115113e-01   2.3219870e+01
   5.0687444e-01   2.2942524e+01
   1.0474176e+00   2.4768667e+01
   5.5947149e-01   2.2815744e+01
   7.5840199e-01   2.3945045e+01
   7.1863312e-01   2.4449638e+01
   6.8088496e-01   2.4083887e+01
   1.2645096e+00   2.6027609e+01
   9.0991843e-01   2.4298887e+01
   7.5829756e-01   2.4225855e+01
   6.7229939e-01   2.3941132e+01
   6.5392309e-01   2.3036077e+01
   9.0092421e-01   2.4892916e+01
   3.6581752e-01   2.1944757e+01
   2.1497500e-01   2.0797594e+01
   3.1271401e-01   2.2607040e+01
   1.7707583e-01   2.0096693e+01
   7.6679546e-01   2.3672743e+01
   6.5785033e-01   2.3298540e+01
   6.2715101e-01   2.3351896e+01
   4.8959306e-01   2.2629421e+01
   1.0099229e+00   2.5124178e+01
   4.5938590e-01   2.1987360e+01
   5.2031654e-01   2.3065054e+01
   3.7284645e-01   2.2914375e+01
   5.7523584e-01   2.3277483e+01
   5.3468513e-01   2.3590435e+01
   6.9927049e-01   2.3725664e+01
   8.7559515e-01   2.4511408e+01
   6.1100429e-01   2.3936838e+01
   4.6707317e-01   2.3559742e+01
   5.2045500e-01   2.2806273e+01
   7.5707442e-01   2.4127316e+01
   5.0935429e-01   2.2899042e+01
   6.2954205e-01   2.3554363e+01
   8.4826636e-01   2.5039242e+01
   6.1648923e-01   2.3498476e+01
   3.7860611e-01   2.1820381e+01
   3.5268411e-01   2.2068193e+01
   5.9488374e-01   2.3215059e+01
   5.0524336e-01   2.2772802e+01
   7.4862528e-01   2.3702131e+01
   5.5031145e-01   2.3369286e+01
   9.7359049e-01   2.4381783e+01
   3.2988042e-01   2.1661961e+01
   7.9680485e-01   2.3722151e+01
   5.5469048e-01   2.3045282e+01
   1.5077817e-01   2.0407623e+01
   4.2811820e-01   2.2378557e+01
   4.2193207e-01   2.2440516e+01
   4.3794361e-01   2.2770243e+01
   3.1697935e-01   2.1636408e+01
   7.8238273e-01   2.4404526e+01
   3.7066087e-01   2.2525999e+01
   3.6350581e-01   2.1853748e+01
   3.8309166e-01   2.2063822e+01
   5.7999587e-01   2.2931723e+01
   4.0660718e-01   2.1991985e+01
   2.1008897e-01   2.1158955e+01
   8.8256359e-01   2.4156631e+01
   2.9514682e-01   2.2133585e+01
   4.0869114e-01   2.2897507e+01
   3.2178828e-01   2.1422993e+01
   3.9404044e-01   2.2779673e+01
   6.8688869e-01   2.3066355e+01
   3.8221666e-01   2.2373053e+01
   6.6811937e-01   2.3466785e+01
   3.5891622e-01   2.2527836e+01
   5.1202893e-01   2.2753746e+01
   6.0102093e-01   2.3856047e+01
   1.1907995e+00   2.5768095e+01
   9.7496963e-01   2.4694281e+01
   6.3325375e-01   2.3664280e+01
   5.0917530e-01   2.2745239e+01
   7.2315252e-01   2.3988852e+01
   5.0079489e-01   2.3090710e+01
   6.6424513e-01   2.3811953e+01
   5.9643871e-01   2.3709850e+01
   8.7322295e-01   2.4297192e+01
   3.3890125e-01   2.1558136e+01
   5.3851670e-01   2.2932810e+01
   2.4901685e-01   2.0458729e+01
   5.4686761e-01   2.3263037e+01
   3.1231046e-01   2.1559542e+01
   3.9450303e-01   2.2007647e+01
   6.5244931e-01   2.3782812e+01
   5.4849195e-01   2.2541592e+01
   5.2585012e-01   2.3054169e+01
   5.0207311e-01   2.2990808e+01
   9.2519438e-01   2.4788694e+01
   4.6103683e-01   2.2669846e+01
   3.9728618e-01   2.2599823e+01
   3.2545322e-01   2.1510136e+01
   2.0750412e-01   2.0752542e+01
   4.7505757e-01   2.2928886e+01
   4.8546436e-01   2.2627962e+01
   3.3864900e-01   2.1833361e+01
   7.4931300e-01   2.3738945e+01
   3.0126148e-01   2.1466614e+01
   6.3866884e-01   2.4101732e+01
   3.1059825e-01   2.1904396e+01
   5.2471834e-01   2.2769152e+01
   3.1488314e-01   2.1684238e+01
   5.3771406e-01   2.2702164e+01
   7.6755679e-01   2.3785648e+01
   6.3545573e-01   2.2886253e+01
   6.1520582e-01   2.2618027e+01
   4.6451476e-01   2.2970106e+01
   8.4703159e-01   2.4607479e+01
   6.6027445e-01   2.3685843e+01
   7.7519059e-01   2.4479813e+01
   1.1460918e+00   2.4687191e+01
   6.9303733e-01   2.3831072e+01
   5.1385444e-01   2.3071665e+01
   1.2351727e+00   2.5594316e+01
   5.0441790e-01   2.2493553e+01
   4.9831310e-01   2.2918474e+01
   6.4035803e-01   2.4421377e+01
   7.4267298e-01   2.4133827e+01
   4.9249455e-01   2.1938026e+01
   6.8905115e-01   2.3639734e+01
   7.1571416e-01   2.3741148e+01
   5.6194311e-01   2.2968611e+01
   5.0839084e-01   2.3140156e+01
   3.8281435e-01   2.2041149e+01
   5.1287967e-01   2.2940821e+01
   7.8260493e-01   2.3514141e+01
   4.9363753e-01   2.2925968e+01
   7.2697991e-01   2.3577932e+01
   3.2059696e-01   2.1481722e+01
   7.8741360e-01   2.4670168e+01
   6.4179230e-01   2.3700075e+01
   1.0383618e+00   2.3945688e+01
   3.5828847e-01   2.2782833e+01
   6.3055766e-01   2.3366051e+01
   9.8477542e-01   2.5222076e+01
   4.6593395e-01   2.2401573e+01
   5.7546335e-01   2.3277967e+01
   6.8227124e-01   2.3661592e+01
   2.5993818e-01   2.0851328e+01
   5.6605446e-01   2.3046062e+01
   6.5303481e-01   2.3976862e+01
   1.0434985e+00   2.4232693e+01
   3.9995298e-01   2.2283569e+01
   3.4625518e-01   2.1516878e+01
   4.9633887e-01   2.2719849e+01
   6.7068708e-01   2.3332485e+01
   8.2466108e-01   2.4049040e+01
   8.0493301e-01   2.4268345e+01
   4.6786889e-01   2.3218317e+01
   5.4786211e-01   2.3606918e+01
   9.5739698e-01   2.3937147e+01
